/*--------------------------------*- C++ -*----------------------------------*\
| =========                 |                                                 |
| \\      /  F ield         | foam-extend: Open Source CFD                    |
|  \\    /   O peration     | Version:     3.1                                |
|   \\  /    A nd           | Web:         http://www.extend-project.de       |
|    \\/     M anipulation  |                                                 |
\*---------------------------------------------------------------------------*/
FoamFile
{
    version     2.0;
    format      ascii;
    class       labelList;
    note        "nPoints: 8460 nCells: 8140 nFaces: 28650 nInternalFaces: 12050";
    location    "constant/polyMesh";
    object      neighbour;
}
// * * * * * * * * * * * * * * * * * * * * * * * * * * * * * * * * * * * * * //


12050
(
1
2
3
4
5
6
7
6
8
9
10
11
12
13
14
15
11
16
17
18
19
20
21
18
22
23
24
25
26
23
27
24
28
29
30
31
29
32
25
33
22
34
35
36
37
38
37
39
40
41
42
41
43
33
44
45
39
46
43
47
38
48
49
50
51
52
53
54
52
55
56
53
57
58
59
47
60
61
59
62
50
63
60
64
65
66
67
66
68
69
70
58
71
72
73
74
69
75
63
76
77
78
79
79
80
81
70
82
78
83
84
85
80
86
73
87
88
75
89
90
88
91
92
93
94
95
96
97
97
98
99
100
85
101
102
103
104
103
105
106
107
107
108
92
109
110
111
112
112
113
113
114
100
115
116
102
117
111
118
119
108
120
121
122
114
123
106
124
125
126
127
125
128
128
129
130
131
132
133
134
134
135
135
136
119
137
138
121
139
140
124
141
141
142
143
144
127
145
146
147
148
149
150
151
151
152
152
153
138
154
155
156
140
157
149
158
159
146
160
161
162
153
163
144
164
165
166
166
165
150
167
168
169
170
171
172
173
174
173
175
175
176
177
178
159
179
180
161
181
182
164
183
183
184
185
186
187
188
189
188
190
191
192
192
193
193
194
194
195
196
197
198
199
177
200
201
182
202
190
203
204
205
206
207
208
209
195
210
211
212
211
213
206
214
215
216
217
215
218
219
220
221
222
198
223
204
224
225
200
226
227
202
228
229
230
231
232
230
233
234
208
235
236
212
237
237
238
239
240
241
216
242
243
244
231
245
246
247
220
248
249
250
251
251
252
226
253
225
254
255
256
257
258
258
259
236
260
261
262
254
263
264
265
235
266
267
240
252
268
241
269
270
245
271
272
273
272
274
275
276
277
248
278
279
250
280
281
282
283
255
284
285
286
257
287
288
289
290
291
291
292
293
294
294
295
296
297
296
298
293
299
300
292
300
301
302
270
303
304
305
306
307
277
308
306
309
295
310
311
312
313
312
314
280
315
316
282
317
318
302
319
287
320
321
322
321
323
324
325
326
290
325
327
328
329
330
331
332
333
322
334
299
335
336
337
304
338
339
340
340
310
341
342
309
343
343
344
345
346
347
348
349
348
350
315
351
352
317
353
354
319
355
356
323
357
358
359
360
357
361
362
361
363
364
365
365
366
337
367
368
369
332
370
371
372
373
373
374
372
375
376
377
378
379
378
380
379
381
382
381
383
384
350
385
384
386
382
387
388
389
390
391
392
393
394
395
353
395
396
397
398
398
399
380
400
401
360
402
403
404
405
406
363
407
408
407
409
410
367
411
370
412
377
413
414
415
416
417
418
404
419
376
420
421
421
422
423
424
425
426
427
428
429
429
430
427
431
416
432
433
434
391
435
436
437
438
394
439
436
440
441
442
397
443
444
445
400
446
447
448
449
403
450
451
452
448
453
449
454
455
454
456
410
457
411
458
459
459
460
415
458
461
462
463
464
463
465
465
466
467
468
469
423
470
470
471
472
473
473
474
475
472
476
477
478
479
477
480
474
481
437
482
435
483
484
485
486
487
488
489
490
479
491
489
492
493
494
494
495
496
497
446
497
498
471
499
500
501
502
503
503
504
504
505
502
506
507
508
509
508
510
509
511
512
469
513
462
514
515
516
468
517
518
519
520
521
522
523
524
525
526
527
528
476
529
530
531
531
532
533
534
535
515
536
537
538
538
539
488
540
541
542
542
543
490
544
545
546
547
548
549
493
550
551
552
496
553
554
555
556
557
557
558
559
560
507
559
561
562
563
520
564
560
565
566
567
568
569
570
571
572
573
574
574
575
572
576
577
578
579
579
580
578
581
581
582
583
523
584
524
585
586
587
558
588
589
589
590
590
591
534
592
588
593
594
533
595
596
597
594
598
591
599
543
600
601
602
603
603
604
548
605
606
607
608
609
610
611
612
613
609
614
615
596
616
613
617
552
618
619
619
620
621
622
622
623
623
624
625
626
627
628
629
630
629
631
631
632
632
633
630
634
570
635
568
569
636
637
573
638
639
640
641
587
642
577
643
599
644
645
586
646
647
648
649
633
649
585
650
651
652
653
654
655
656
657
593
658
659
660
660
661
662
598
663
664
665
666
667
602
666
668
669
610
670
671
672
671
673
673
674
611
675
676
677
678
614
679
680
681
682
683
682
684
685
686
685
687
688
621
689
690
691
692
625
693
626
635
694
694
695
696
697
698
699
700
695
701
702
637
703
639
704
705
706
707
707
708
708
709
705
710
645
711
712
713
714
715
716
716
717
718
719
720
653
721
714
720
722
723
724
724
725
725
726
727
728
663
729
723
730
731
662
732
733
734
735
736
737
738
739
740
741
669
742
743
743
744
745
683
746
747
740
748
749
750
751
752
678
753
754
755
756
755
757
752
758
759
760
733
761
762
757
763
688
764
689
765
766
767
767
768
768
769
769
770
771
772
773
772
774
699
773
775
776
777
774
778
779
780
779
706
781
782
783
784
785
722
786
738
787
715
788
713
789
790
791
792
793
794
795
777
796
797
798
799
797
800
800
801
802
803
728
804
737
805
806
730
807
808
736
809
810
811
812
735
813
814
815
816
817
741
818
819
820
818
821
822
753
823
746
824
825
824
826
826
827
754
828
751
829
830
831
832
833
834
835
836
837
835
838
839
840
840
841
839
842
763
843
844
843
845
845
846
847
848
849
850
851
780
852
852
853
854
855
856
776
857
858
859
853
860
861
862
782
863
787
784
864
865
865
866
866
867
868
869
870
869
871
871
872
873
874
793
875
876
877
878
796
879
880
881
882
883
874
882
884
802
885
886
886
887
888
889
806
890
889
813
891
885
891
810
892
893
893
894
894
895
896
897
898
892
899
890
900
900
901
902
903
904
904
905
906
907
906
908
908
909
910
841
911
912
903
913
829
914
915
831
916
917
833
909
918
919
920
921
919
922
844
923
917
924
925
926
927
895
928
929
930
931
847
932
933
849
934
935
851
935
936
937
938
939
940
941
939
942
940
943
943
944
880
945
946
947
862
948
868
949
950
951
952
953
954
955
901
956
875
957
958
959
960
959
961
962
963
877
964
965
966
967
966
968
969
883
970
971
972
954
970
973
974
888
975
976
977
978
979
980
981
982
983
898
984
899
985
986
987
988
989
905
907
990
991
992
993
994
995
996
911
997
998
913
999
1000
918
1001
916
1002
1003
1004
1005
1006
923
1007
922
1008
1009
1010
1008
1011
1012
1013
1014
1015
1015
1016
1012
1017
930
1018
1019
932
1020
1021
934
1022
937
948
947
941
1023
1024
1025
1026
946
1027
1028
945
1029
1030
950
1031
1032
1033
1034
1033
1035
1035
1036
1037
1036
1038
1039
1040
1041
1042
1039
1043
1044
1043
1045
962
1046
1047
964
1048
1049
1050
1051
1052
1051
1053
969
1054
1055
1056
1047
1057
1057
1058
1059
1060
975
1059
1061
1062
1063
1062
1064
1065
1066
1060
1067
1068
1069
1068
1070
983
1070
1071
1067
1072
987
1073
1073
1074
1075
1066
1076
1076
1077
1078
1079
1079
1080
1080
1081
1082
1083
1081
1082
1083
1084
1084
1085
999
1086
1016
1086
1087
1078
1088
1089
1090
1089
1091
1092
1093
1093
1094
1095
1096
1007
1097
1098
1099
1100
1101
1102
1103
1094
1104
1105
1106
1107
1107
1108
1109
1110
1071
1111
1020
1112
1102
1113
1114
1022
1115
1116
1117
1027
1116
1026
1118
1119
1118
1120
1121
1122
1122
1123
1077
1124
1125
1126
1127
1125
1128
1129
1130
1038
1131
1132
1133
1041
1134
1135
1048
1136
1137
1138
1139
1139
1140
1138
1141
1142
1143
1050
1144
1145
1146
1147
1148
1148
1149
1147
1150
1123
1151
1058
1152
1153
1154
1155
1156
1063
1157
1158
1159
1065
1160
1161
1162
1163
1164
1075
1165
1166
1167
1074
1168
1169
1170
1171
1172
1173
1174
1175
1176
1177
1178
1179
1180
1095
1181
1182
1088
1183
1184
1185
1096
1186
1092
1187
1188
1189
1190
1191
1192
1101
1193
1103
1194
1100
1195
1196
1197
1198
1199
1200
1201
1106
1202
1203
1204
1205
1206
1110
1205
1207
1202
1208
1113
1209
1210
1115
1209
1211
1119
1212
1213
1214
1121
1215
1216
1217
1218
1126
1219
1220
1221
1128
1222
1223
1224
1225
1224
1226
1227
1228
1226
1228
1229
1230
1229
1231
1231
1232
1233
1234
1230
1235
1236
1237
1238
1239
1240
1241
1241
1242
1144
1243
1244
1244
1245
1246
1247
1248
1249
1247
1250
1151
1251
1252
1227
1253
1254
1255
1253
1256
1157
1257
1257
1258
1259
1260
1261
1261
1262
1260
1263
1264
1265
1264
1266
1258
1267
1268
1269
1270
1271
1268
1272
1273
1274
1267
1275
1171
1276
1276
1277
1270
1266
1278
1219
1278
1184
1279
1279
1280
1280
1281
1178
1281
1282
1283
1284
1181
1283
1285
1183
1286
1287
1288
1187
1289
1289
1290
1291
1292
1293
1190
1292
1294
1295
1296
1296
1297
1194
1298
1299
1300
1301
1197
1302
1303
1199
1304
1305
1294
1306
1300
1307
1308
1309
1310
1206
1309
1311
1312
1313
1314
1273
1315
1316
1316
1317
1212
1318
1215
1319
1319
1320
1321
1322
1323
1218
1324
1325
1326
1221
1223
1327
1225
1328
1329
1330
1331
1332
1333
1334
1335
1336
1337
1234
1338
1339
1340
1341
1238
1342
1240
1343
1239
1343
1344
1345
1346
1347
1255
1348
1339
1349
1349
1246
1350
1351
1352
1353
1354
1353
1355
1355
1356
1354
1357
1325
1358
1359
1256
1360
1361
1362
1363
1364
1262
1365
1366
1367
1368
1369
1370
1371
1369
1372
1373
1374
1375
1271
1376
1377
1378
1274
1379
1380
1381
1277
1374
1382
1383
1384
1385
1386
1387
1284
1388
1389
1390
1295
1391
1314
1392
1392
1393
1393
1394
1395
1396
1397
1293
1398
1399
1400
1401
1402
1403
1397
1404
1405
1406
1406
1407
1408
1302
1409
1410
1405
1410
1317
1411
1407
1411
1412
1413
1413
1414
1310
1415
1416
1417
1313
1418
1418
1419
1420
1421
1415
1422
1320
1423
1424
1322
1425
1426
1324
1427
1428
1429
1327
1430
1431
1432
1433
1432
1434
1331
1435
1433
1436
1437
1359
1438
1436
1439
1336
1440
1441
1440
1442
1443
1444
1445
1446
1447
1444
1448
1449
1450
1451
1449
1452
1452
1453
1451
1454
1348
1455
1456
1457
1458
1459
1352
1460
1461
1462
1463
1464
1464
1465
1358
1466
1467
1468
1361
1362
1469
1470
1364
1365
1471
1472
1367
1473
1474
1475
1476
1477
1473
1478
1479
1480
1480
1481
1384
1482
1483
1376
1379
1484
1485
1486
1484
1486
1487
1488
1489
1490
1491
1492
1493
1494
1495
1496
1394
1497
1387
1498
1499
1499
1500
1391
1501
1500
1501
1502
1503
1504
1505
1396
1398
1506
1507
1508
1400
1509
1510
1509
1511
1502
1512
1404
1512
1513
1409
1514
1515
1516
1517
1514
1518
1519
1419
1520
1519
1521
1522
1523
1421
1524
1525
1489
1526
1424
1425
1527
1427
1528
1529
1429
1530
1531
1532
1533
1434
1533
1534
1535
1536
1437
1537
1538
1539
1540
1541
1540
1542
1543
1450
1544
1443
1545
1546
1547
1447
1548
1448
1549
1550
1551
1552
1553
1554
1555
1556
1557
1455
1558
1559
1469
1560
1458
1561
1562
1460
1563
1564
1564
1565
1566
1567
1566
1568
1569
1565
1570
1568
1571
1571
1572
1470
1573
1574
1575
1576
1577
1475
1577
1578
1476
1579
1580
1581
1478
1582
1583
1482
1584
1585
1582
1586
1587
1576
1588
1589
1493
1590
1591
1491
1592
1490
1593
1594
1595
1596
1494
1597
1598
1599
1588
1600
1587
1601
1498
1602
1603
1604
1605
1606
1607
1525
1608
1505
1609
1610
1507
1611
1612
1510
1611
1613
1614
1515
1615
1616
1612
1617
1618
1619
1620
1518
1620
1621
1622
1623
1623
1624
1523
1524
1625
1626
1627
1621
1628
1528
1530
1629
1572
1629
1601
1630
1631
1632
1633
1634
1635
1633
1636
1635
1637
1539
1638
1639
1640
1573
1641
1638
1642
1643
1644
1644
1645
1643
1646
1647
1648
1647
1649
1650
1651
1652
1653
1654
1655
1656
1657
1553
1658
1659
1557
1660
1661
1662
1663
1664
1665
1660
1666
1560
1667
1668
1650
1669
1669
1670
1671
1672
1673
1674
1675
1569
1676
1677
1678
1678
1679
1680
1681
1682
1682
1683
1684
1685
1686
1687
1686
1688
1689
1690
1688
1690
1691
1687
1692
1585
1693
1694
1694
1695
1696
1697
1698
1699
1598
1700
1698
1700
1699
1701
1702
1703
1703
1704
1702
1705
1701
1706
1707
1708
1708
1709
1710
1710
1711
1712
1713
1714
1604
1715
1605
1716
1607
1717
1718
1609
1719
1720
1714
1721
1722
1723
1615
1724
1722
1725
1726
1718
1727
1727
1728
1726
1729
1729
1730
1731
1732
1733
1734
1735
1732
1736
1734
1737
1627
1738
1719
1704
1739
1740
1741
1636
1741
1634
1742
1743
1744
1745
1746
1745
1747
1748
1747
1748
1749
1750
1749
1751
1750
1752
1753
1754
1659
1755
1756
1757
1758
1757
1759
1657
1760
1761
1654
1762
1655
1763
1656
1764
1765
1766
1767
1768
1769
1770
1771
1772
1663
1773
1769
1774
1775
1665
1776
1777
1667
1778
1779
1681
1780
1781
1671
1782
1783
1783
1784
1784
1785
1785
1786
1677
1787
1787
1788
1789
1790
1791
1683
1792
1793
1794
1795
1685
1796
1689
1797
1798
1799
1800
1801
1692
1695
1802
1696
1803
1804
1805
1806
1796
1807
1808
1809
1810
1811
1812
1813
1814
1815
1816
1815
1817
1709
1818
1819
1820
1821
1807
1822
1806
1823
1715
1824
1825
1826
1717
1826
1827
1828
1829
1721
1830
1831
1832
1833
1834
1725
1835
1836
1837
1838
1834
1839
1840
1731
1841
1842
1735
1843
1844
1736
1845
1738
1846
1847
1842
1848
1823
1849
1850
1743
1851
1852
1853
1854
1855
1850
1856
1857
1858
1859
1860
1792
1861
1858
1862
1863
1864
1865
1866
1865
1867
1863
1868
1869
1759
1760
1870
1871
1762
1872
1873
1874
1875
1875
1876
1766
1877
1878
1768
1879
1880
1881
1882
1883
1882
1884
1777
1885
1774
1886
1887
1776
1888
1889
1889
1890
1891
1780
1890
1892
1872
1893
1893
1894
1895
1896
1897
1790
1898
1789
1791
1899
1794
1900
1901
1901
1902
1903
1798
1904
1905
1906
1907
1801
1908
1909
1905
1910
1911
1912
1912
1913
1914
1915
1916
1917
1918
1919
1919
1920
1921
1922
1817
1920
1816
1923
1814
1924
1925
1926
1927
1928
1929
1930
1922
1931
1821
1932
1933
1933
1934
1935
1825
1936
1831
1937
1828
1938
1939
1830
1847
1940
1941
1833
1942
1943
1944
1837
1945
1945
1946
1947
1948
1949
1948
1950
1841
1951
1952
1844
1953
1846
1952
1954
1955
1956
1925
1957
1958
1959
1959
1854
1960
1856
1960
1855
1961
1962
1963
1964
1965
1966
1967
1861
1968
1862
1969
1970
1971
1972
1866
1973
1974
1975
1884
1976
1977
1978
1870
1979
1980
1880
1981
1982
1983
1984
1985
1986
1987
1879
1988
1984
1989
1985
1990
1991
1992
1993
1994
1995
1996
1997
1998
1999
2000
1888
2001
1994
2002
2003
2004
2005
2000
2006
2007
2008
2009
2010
2011
2010
2012
2012
2013
1898
2013
1902
2014
2008
2015
2015
2016
1908
2017
1906
2018
2019
2020
2021
2022
2023
2021
2024
1915
2025
2026
2027
2028
1914
2029
2030
2031
1935
2026
2017
2032
1921
2033
2034
2035
2036
2037
1924
2038
2039
2040
2041
2042
2038
2043
2044
2045
1931
2046
1932
2047
2048
2049
2050
2032
2051
2052
2053
2054
1938
2054
2055
1949
2055
2056
2057
2056
2058
1946
2059
2059
2060
1950
2060
2061
2062
2061
2063
2064
2065
2066
2063
2067
2068
1954
2069
2070
2071
2072
2057
2072
2068
2073
2052
2074
2075
2076
1962
2077
2078
1966
2077
2079
2080
1967
2081
2082
1971
1969
2083
2084
2014
2085
2086
1978
2087
2087
2088
1975
2089
2090
2089
2091
1979
2092
2093
2094
2094
2095
2095
2096
1983
2097
2098
2099
2100
2101
2102
2102
2103
2103
2104
1990
2105
2106
2104
2107
2096
2108
1997
2109
2110
1996
2111
2112
2113
2091
2111
2004
2114
2115
2002
2116
2117
2118
2119
2118
2120
2121
2120
2122
2121
2123
2124
2097
2125
2126
2127
2128
2129
2130
2131
2132
2132
2133
2134
2019
2135
2136
2135
2137
2138
2137
2139
2024
2140
2141
2136
2142
2143
2028
2144
2029
2145
2146
2147
2147
2148
2149
2034
2150
2151
2045
2152
2150
2153
2048
2153
2154
2154
2155
2073
2156
2043
2157
2044
2158
2159
2160
2161
2047
2162
2163
2164
2050
2165
2166
2166
2167
2168
2058
2169
2170
2171
2172
2173
2174
2175
2176
2177
2175
2178
2179
2180
2181
2181
2182
2183
2184
2185
2186
2071
2187
2188
2189
2190
2191
2192
2193
2194
2080
2193
2079
2195
2196
2195
2197
2198
2199
2082
2200
2201
2085
2202
2203
2204
2205
2204
2206
2207
2090
2208
2209
2209
2210
2211
2212
2212
2213
2214
2215
2216
2217
2218
2219
2218
2220
2221
2222
2221
2223
2224
2225
2226
2220
2227
2222
2228
2108
2229
2230
2231
2232
2231
2233
2234
2113
2235
2232
2236
2237
2237
2238
2119
2239
2233
2240
2241
2242
2243
2244
2238
2245
2124
2246
2247
2128
2248
2127
2249
2250
2251
2130
2249
2133
2252
2253
2254
2140
2255
2256
2257
2258
2139
2259
2260
2261
2259
2262
2148
2263
2168
2264
2264
2265
2146
2266
2267
2268
2269
2167
2255
2270
2152
2271
2272
2273
2274
2156
2275
2276
2158
2277
2278
2279
2280
2281
2282
2272
2281
2164
2283
2284
2285
2286
2287
2288
2289
2290
2291
2292
2293
2293
2294
2294
2295
2296
2297
2296
2298
2299
2300
2301
2301
2302
2178
2303
2304
2185
2303
2184
2305
2306
2295
2307
2302
2308
2309
2310
2188
2311
2189
2312
2313
2314
2191
2315
2298
2311
2316
2317
2291
2318
2319
2320
2321
2320
2322
2199
2323
2324
2206
2325
2325
2326
2327
2328
2328
2329
2330
2252
2327
2331
2213
2332
2332
2333
2334
2335
2336
2214
2337
2338
2339
2340
2216
2341
2342
2219
2343
2344
2345
2346
2347
2348
2349
2350
2350
2351
2351
2352
2352
2353
2354
2355
2348
2354
2353
2356
2342
2356
2357
2358
2359
2336
2360
2361
2362
2241
2363
2364
2365
2240
2366
2367
2368
2369
2370
2371
2372
2371
2373
2372
2374
2373
2375
2376
2377
2343
2378
2251
2378
2379
2254
2376
2380
2381
2258
2382
2382
2383
2384
2385
2384
2386
2262
2387
2388
2383
2389
2390
2391
2392
2392
2393
2268
2394
2395
2389
2396
2271
2397
2398
2399
2286
2400
2280
2401
2401
2402
2402
2403
2279
2404
2282
2405
2406
2407
2408
2409
2285
2410
2288
2411
2412
2410
2289
2413
2414
2415
2415
2416
2417
2299
2418
2419
2420
2421
2422
2300
2423
2424
2425
2426
2427
2428
2429
2430
2431
2432
2433
2432
2434
2434
2435
2309
2436
2437
2429
2438
2315
2439
2314
2440
2441
2442
2403
2443
2444
2445
2445
2446
2323
2447
2448
2326
2449
2447
2450
2451
2444
2452
2453
2454
2455
2456
2457
2458
2331
2457
2459
2460
2334
2461
2462
2462
2463
2464
2465
2466
2339
2467
2468
2465
2469
2469
2470
2471
2472
2346
2473
2472
2474
2475
2476
2477
2478
2479
2480
2481
2482
2483
2484
2485
2475
2486
2487
2359
2488
2362
2489
2490
2361
2491
2492
2493
2364
2494
2495
2495
2496
2369
2497
2490
2497
2370
2498
2499
2500
2501
2502
2503
2496
2504
2377
2505
2506
2506
2507
2508
2509
2510
2387
2416
2511
2512
2513
2388
2514
2514
2515
2516
2517
2518
2391
2417
2519
2520
2394
2521
2522
2396
2523
2524
2525
2526
2399
2527
2528
2526
2529
2530
2531
2532
2405
2533
2534
2407
2535
2536
2409
2537
2538
2539
2540
2541
2540
2542
2414
2543
2544
2545
2546
2547
2548
2549
2550
2551
2551
2552
2552
2553
2423
2554
2555
2554
2556
2557
2558
2558
2559
2430
2560
2561
2562
2431
2563
2564
2565
2437
2566
2567
2553
2568
2562
2569
2570
2440
2443
2571
2572
2573
2572
2574
2556
2575
2576
2577
2578
2547
2579
2580
2449
2450
2581
2582
2452
2583
2584
2454
2585
2586
2508
2587
2587
2588
2589
2588
2590
2585
2591
2468
2592
2592
2593
2593
2464
2594
2595
2596
2467
2597
2598
2599
2600
2471
2601
2602
2474
2603
2604
2478
2605
2480
2606
2607
2481
2608
2609
2610
2483
2611
2612
2613
2614
2607
2615
2616
2617
2602
2614
2618
2619
2619
2620
2621
2595
2622
2493
2622
2620
2498
2623
2624
2625
2626
2627
2628
2629
2628
2630
2503
2631
2631
2632
2633
2632
2634
2635
2636
2509
2510
2637
2638
2639
2640
2512
2641
2642
2641
2643
2644
2643
2645
2517
2646
2647
2524
2648
2649
2650
2521
2651
2652
2523
2653
2654
2655
2527
2656
2657
2658
2537
2658
2657
2659
2536
2660
2532
2661
2576
2662
2663
2664
2665
2663
2666
2667
2668
2664
2669
2659
2670
2671
2544
2672
2673
2674
2545
2675
2676
2677
2677
2678
2650
2557
2679
2550
2680
2681
2682
2683
2684
2685
2559
2686
2687
2688
2689
2690
2561
2691
2692
2693
2564
2694
2695
2696
2697
2698
2696
2699
2699
2700
2701
2702
2698
2702
2575
2703
2704
2705
2706
2705
2707
2687
2708
2709
2710
2579
2709
2711
2712
2713
2586
2714
2715
2716
2713
2717
2710
2717
2718
2719
2720
2721
2591
2722
2722
2723
2724
2725
2726
2726
2727
2728
2597
2729
2730
2599
2731
2732
2601
2733
2734
2735
2604
2616
2736
2737
2737
2738
2739
2740
2741
2741
2742
2611
2740
2743
2613
2744
2745
2746
2617
2747
2621
2748
2749
2750
2751
2752
2753
2754
2754
2755
2755
2756
2751
2757
2630
2758
2759
2760
2761
2762
2763
2764
2635
2765
2756
2766
2767
2639
2768
2638
2769
2770
2771
2771
2772
2773
2648
2774
2775
2647
2776
2776
2777
2778
2779
2778
2780
2651
2781
2782
2783
2653
2784
2785
2785
2786
2786
2787
2788
2789
2789
2790
2791
2661
2792
2793
2665
2794
2795
2796
2797
2798
2799
2792
2800
2801
2802
2802
2803
2673
2804
2674
2805
2805
2806
2807
2808
2809
2810
2809
2811
2812
2779
2813
2814
2815
2814
2816
2817
2818
2818
2819
2819
2820
2700
2821
2686
2822
2823
2824
2689
2815
2825
2825
2826
2694
2827
2827
2828
2701
2828
2697
2829
2830
2831
2832
2833
2834
2835
2836
2837
2838
2707
2838
2839
2840
2841
2842
2840
2843
2844
2845
2844
2846
2715
2847
2848
2849
2850
2851
2850
2852
2853
2719
2854
2849
2721
2855
2856
2857
2858
2859
2854
2860
2726
2861
2728
2862
2863
2864
2865
2864
2866
2866
2867
2861
2868
2865
2869
2735
2869
2746
2739
2870
2871
2872
2873
2747
2874
2875
2872
2876
2877
2878
2878
2879
2879
2880
2880
2749
2881
2882
2882
2883
2884
2883
2885
2886
2887
2888
2889
2890
2760
2891
2887
2892
2762
2893
2894
2893
2895
2896
2765
2897
2898
2899
2900
2898
2901
2902
2903
2903
2904
2772
2905
2855
2906
2904
2907
2775
2908
2908
2909
2910
2911
2912
2913
2914
2915
2916
2917
2782
2918
2919
2784
2920
2921
2922
2923
2917
2924
2790
2925
2926
2801
2804
2927
2928
2843
2929
2795
2930
2798
2797
2931
2932
2933
2800
2934
2935
2936
2937
2931
2938
2939
2940
2811
2941
2942
2943
2942
2944
2945
2812
2945
2946
2813
2947
2948
2949
2950
2951
2951
2952
2953
2954
2821
2955
2956
2824
2957
2826
2958
2959
2960
2961
2962
2830
2963
2964
2965
2966
2966
2967
2964
2968
2969
2970
2962
2971
2967
2972
2959
2973
2974
2841
2975
2976
2977
2974
2978
2979
2980
2981
2982
2919
2983
2848
2984
2985
2986
2987
2988
2989
2989
2990
2981
2985
2991
2992
2858
2993
2859
2994
2995
2996
2994
2997
2862
2998
2885
2999
3000
3001
3002
2868
3003
3004
3005
2871
3006
3007
3006
3008
2877
3009
3010
3011
3010
3012
3013
3014
3015
3016
2884
3017
3018
3019
2891
3020
2888
3021
3022
3023
2890
3024
3025
3026
2896
3027
3028
3029
3030
3030
3031
3032
2899
3033
3034
3035
2902
3036
3025
3037
3038
3039
3040
3041
3042
3041
3043
3040
3044
3045
3046
3047
2912
3045
2914
3048
3049
3050
3051
3052
3052
3053
3046
3054
3055
3056
3057
3058
3057
3059
2922
3060
3061
2924
3061
3062
3063
3064
2927
3063
3065
2929
3066
3067
3068
3069
3070
3071
3072
3069
3073
3073
3074
3066
3074
3064
3075
3075
3076
3070
3076
3065
3077
2944
3078
3078
3079
3080
3077
3081
3082
3083
3079
3084
3053
3085
2950
3086
3087
3088
3089
3090
3091
3092
3092
3093
3094
3095
3094
3096
3096
3097
3098
3099
3099
3100
3098
3101
3102
3100
3103
3104
3105
3106
3105
3107
3108
3109
2970
3110
3097
3111
3112
2972
3113
3114
3115
3116
3117
3118
2977
3119
3120
3118
3121
3067
3122
2982
3123
3124
3125
3123
3126
2988
3127
3128
2991
3129
2990
3129
3130
3131
3132
3133
2993
3043
3134
3135
2996
3136
3137
3138
3139
2999
3140
3141
3001
3142
3143
3142
3144
3145
3146
3140
3147
3143
3148
3012
3149
3149
3150
3151
3152
3151
3152
3153
3150
3154
3015
3155
3156
3148
3157
3018
3158
3159
3159
3160
3141
3161
3162
3163
3027
3163
3024
3164
3165
3166
3029
3158
3167
3031
3032
3168
3169
3170
3171
3172
3173
3174
3175
3172
3174
3173
3176
3175
3177
3176
3178
3178
3179
3180
3181
3044
3182
3183
3184
3047
3185
3186
3051
3187
3186
3188
3189
3190
3191
3187
3192
3193
3194
3193
3195
3196
3197
3198
3196
3199
3060
3200
3201
3202
3195
3203
3204
3205
3206
3207
3208
3072
3209
3210
3071
3211
3212
3213
3214
3215
3216
3217
3218
3219
3081
3220
3221
3220
3222
3084
3223
3224
3223
3225
3088
3226
3101
3227
3228
3229
3230
3091
3231
3232
3233
3095
3234
3235
3236
3237
3238
3239
3240
3241
3242
3103
3243
3244
3106
3245
3246
3110
3108
3247
3248
3113
3249
3250
3251
3252
3252
3253
3254
3255
3116
3256
3121
3120
3257
3258
3122
3259
3260
3261
3262
3263
3128
3264
3263
3265
3199
3266
3267
3268
3267
3269
3270
3271
3132
3272
3273
3139
3269
3136
3274
3275
3276
3277
3278
3279
3275
3280
3281
3282
3283
3284
3285
3145
3286
3287
3147
3288
3289
3290
3291
3292
3293
3294
3291
3295
3155
3296
3297
3157
3298
3299
3300
3301
3302
3303
3303
3304
3164
3305
3306
3307
3166
3308
3309
3306
3310
3311
3312
3313
3314
3313
3315
3315
3316
3317
3318
3319
3320
3321
3309
3322
3323
3180
3324
3184
3183
3325
3326
3327
3328
3329
3330
3331
3330
3332
3189
3333
3334
3335
3336
3332
3335
3337
3338
3339
3331
3340
3341
3342
3198
3343
3200
3344
3345
3202
3346
3347
3348
3349
3206
3350
3350
3351
3352
3353
3354
3355
3356
3357
3358
3357
3359
3360
3361
3360
3362
3214
3359
3354
3363
3364
3361
3364
3352
3365
3366
3367
3366
3368
3369
3365
3370
3367
3371
3372
3368
3373
3338
3374
3375
3376
3377
3378
3378
3379
3231
3380
3376
3381
3382
3383
3384
3385
3386
3385
3387
3388
3389
3388
3390
3389
3391
3391
3392
3254
3393
3394
3395
3394
3396
3243
3397
3398
3396
3399
3400
3401
3401
3402
3403
3404
3249
3404
3253
3405
3392
3406
3406
3407
3408
3256
3409
3410
3411
3412
3411
3413
3260
3414
3415
3410
3413
3355
3414
3416
3265
3417
3418
3416
3419
3420
3271
3421
3422
3272
3423
3424
3425
3425
3426
3328
3427
3428
3278
3429
3279
3430
3431
3432
3281
3433
3434
3289
3435
3304
3435
3285
3436
3290
3437
3438
3288
3439
3440
3441
3299
3296
3442
3442
3443
3443
3444
3444
3445
3446
3298
3446
3447
3448
3301
3312
3302
3449
3450
3451
3452
3453
3454
3455
3456
3456
3457
3458
3316
3459
3314
3460
3461
3462
3463
3464
3465
3466
3467
3467
3468
3320
3469
3470
3323
3471
3472
3473
3474
3474
3475
3327
3476
3329
3477
3478
3479
3475
3480
3481
3482
3483
3484
3336
3484
3485
3486
3482
3487
3488
3341
3489
3489
3490
3349
3344
3491
3492
3493
3494
3346
3493
3495
3348
3496
3497
3498
3499
3363
3500
3501
3356
3502
3503
3504
3505
3506
3362
3507
3508
3509
3510
3511
3512
3513
3514
3515
3516
3517
3370
3518
3519
3518
3520
3373
3374
3521
3522
3379
3523
3524
3397
3525
3526
3527
3528
3529
3530
3531
3384
3529
3386
3532
3533
3534
3535
3390
3536
3537
3538
3539
3540
3541
3395
3408
3542
3543
3544
3545
3399
3546
3547
3405
3548
3549
3403
3550
3551
3552
3551
3553
3554
3554
3555
3556
3557
3558
3559
3560
3561
3558
3562
3563
3564
3565
3564
3566
3494
3567
3421
3568
3569
3426
3434
3570
3571
3571
3572
3573
3574
3575
3576
3433
3577
3578
3579
3575
3580
3432
3578
3581
3582
3583
3584
3438
3585
3586
3587
3588
3586
3589
3441
3590
3591
3592
3593
3594
3595
3596
3597
3598
3585
3597
3461
3599
3600
3601
3601
3602
3455
3603
3454
3604
3605
3606
3607
3458
3608
3609
3605
3610
3611
3612
3613
3614
3615
3614
3616
3465
3617
3610
3469
3618
3619
3471
3620
3621
3473
3621
3622
3623
3624
3625
3626
3627
3479
3628
3627
3629
3629
3630
3576
3483
3631
3631
3632
3485
3633
3634
3635
3636
3637
3488
3638
3639
3640
3632
3641
3492
3642
3643
3644
3645
3496
3646
3647
3647
3648
3648
3649
3500
3650
3651
3650
3652
3503
3653
3654
3505
3655
3656
3507
3657
3658
3657
3659
3660
3661
3661
3662
3663
3664
3513
3665
3662
3652
3666
3667
3668
3668
3669
3670
3671
3672
3673
3674
3669
3675
3670
3676
3676
3677
3678
3679
3531
3678
3680
3681
3527
3681
3682
3530
3683
3684
3685
3686
3687
3688
3687
3689
3690
3691
3690
3692
3691
3693
3539
3694
3695
3696
3697
3695
3698
3698
3699
3700
3701
3700
3702
3701
3703
3546
3704
3705
3703
3706
3549
3707
3550
3708
3709
3710
3709
3711
3702
3712
3713
3714
3715
3559
3716
3717
3718
3714
3719
3655
3720
3720
3721
3566
3722
3723
3568
3724
3725
3726
3727
3728
3728
3729
3730
3731
3731
3729
3732
3574
3730
3733
3734
3735
3579
3736
3737
3738
3581
3739
3740
3583
3741
3733
3591
3742
3743
3744
3745
3746
3743
3745
3747
3748
3748
3749
3750
3751
3752
3594
3753
3595
3754
3752
3755
3756
3755
3757
3600
3758
3759
3760
3742
3761
3604
3762
3763
3764
3607
3765
3766
3766
3767
3624
3767
3768
3613
3769
3616
3770
3758
3771
3617
3772
3773
3774
3775
3776
3620
3775
3777
3778
3779
3780
3625
3781
3782
3783
3779
3784
3784
3630
3785
3786
3787
3788
3789
3788
3790
3637
3791
3636
3792
3793
3794
3792
3795
3677
3796
3797
3798
3798
3799
3800
3801
3801
3802
3646
3803
3727
3804
3805
3806
3807
3797
3808
3809
3810
3811
3812
3656
3813
3814
3815
3816
3817
3818
3819
3820
3814
3821
3663
3822
3823
3824
3825
3819
3826
3810
3827
3673
3828
3671
3829
3830
3831
3832
3833
3674
3675
3834
3835
3836
3837
3838
3839
3840
3841
3704
3842
3843
3844
3845
3846
3847
3689
3848
3847
3849
3850
3851
3852
3692
3853
3854
3855
3856
3857
3697
3858
3696
3859
3860
3861
3862
3863
3710
3864
3865
3866
3867
3868
3869
3706
3869
3870
3708
3871
3872
3873
3871
3874
3867
3875
3715
3876
3877
3877
3719
3878
3721
3879
3878
3879
3880
3881
3882
3726
3883
3884
3885
3884
3886
3885
3887
3888
3889
3890
3891
3892
3893
3894
3895
3896
3897
3898
3899
3900
3741
3901
3740
3902
3902
3903
3898
3904
3905
3906
3907
3908
3747
3909
3910
3911
3912
3913
3914
3750
3915
3916
3753
3917
3918
3919
3919
3920
3921
3922
3922
3923
3924
3924
3925
3761
3926
3927
3765
3928
3764
3929
3930
3931
3932
3933
3774
3934
3924
3935
3935
3936
3773
3937
3938
3939
3940
3939
3941
3778
3942
3780
3941
3943
3944
3945
3782
3946
3947
3943
3948
3949
3900
3950
3951
3952
3950
3953
3954
3954
3955
3791
3956
3957
3958
3958
3959
3960
3961
3796
3962
3838
3963
3964
3955
3965
3804
3966
3967
3803
3968
3969
3970
3806
3971
3972
3808
3973
3974
3811
3812
3975
3976
3977
3815
3978
3979
3980
3881
3981
3981
3982
3820
3821
3983
3984
3985
3986
3987
3988
3989
3827
3989
3826
3986
3990
3991
3992
3993
3830
3994
3995
3995
3996
3833
3997
3998
3993
3999
3836
3999
4000
3997
4001
4001
3840
3851
4002
3845
4003
4004
4005
3844
4004
4006
4007
3848
4008
4009
4010
3850
4011
4012
4013
3854
4014
4014
4015
4016
4017
4018
4018
4019
4017
4020
4019
4021
4022
4023
3861
4024
4025
4022
4026
4027
4028
4027
4029
4030
4031
3868
4032
4031
4033
4034
4033
4035
3873
3874
4036
4037
4038
4039
4040
4041
4042
4043
4044
4045
4046
4047
4048
3887
4049
4050
4051
3890
4052
4053
3889
4054
4055
3891
4056
4057
4058
3894
4058
4059
4056
4060
3906
4057
3899
4061
4062
4063
4064
3903
4065
4066
4067
3905
4068
4069
4070
3916
4071
3921
4072
3911
4073
4072
4074
4075
4074
4076
4077
4078
4077
4079
4080
4081
4080
4082
4083
4083
4084
4085
4086
4087
4088
4089
4087
4090
4091
4092
4091
4093
4071
4094
4095
4096
4097
4098
3934
4097
4095
4099
3933
4099
4100
4101
4102
3940
4103
3938
4104
4105
4106
4107
4108
4109
4110
4111
4112
4113
4112
4114
4115
4116
4100
4117
4115
4118
3952
4113
4119
3953
4120
4121
4122
4123
4124
4123
4125
4125
4126
4127
3960
4128
4129
4126
4130
4131
4132
4133
4134
4133
4135
4135
4136
4137
4138
3968
4137
4139
3971
4140
4055
4141
4142
3973
4143
4144
4134
4145
3976
4146
4147
3992
4147
3982
4148
3980
3985
4149
4150
4151
3990
4152
4152
4153
4154
4155
3988
4156
4157
4158
4159
4146
4160
4161
4162
4163
4164
4165
4000
4166
4167
4164
4168
4169
4170
4132
4171
4172
4172
4173
4174
4034
4175
4176
4177
4173
4177
4178
4179
4178
4180
4016
4181
4182
4183
4184
4185
4185
4186
4187
4020
4188
4189
4190
4191
4192
4193
4026
4194
4195
4025
4196
4028
4197
4198
4199
4200
4201
4036
4202
4032
4203
4204
4205
4206
4207
4207
4208
4204
4209
4040
4210
4041
4211
4212
4045
4044
4213
4048
4214
4215
4216
4047
4217
4218
4219
4054
4220
4051
4052
4221
4222
4220
4223
4224
4225
4226
4227
4228
4229
4230
4230
4231
4062
4232
4233
4232
4234
4234
4235
4236
4237
4067
4238
4236
4233
4239
4238
4240
4241
4242
4243
4244
4078
4245
4246
4076
4247
4248
4249
4250
4081
4251
4252
4253
4085
4254
4255
4086
4256
4257
4257
4089
4258
4259
4259
4260
4261
4102
4262
4094
4263
4264
4265
4098
4266
4267
4268
4269
4270
4106
4271
4272
4273
4274
4107
4275
4276
4277
4278
4279
4110
4280
4111
4281
4282
4283
4284
4285
4280
4286
4287
4288
4289
4288
4290
4283
4291
4122
4235
4292
4293
4285
4293
4294
4295
4136
4296
4297
4298
4131
4299
4300
4301
4130
4302
4303
4304
4305
4306
4307
4308
4309
4310
4141
4311
4140
4312
4313
4314
4143
4315
4316
4145
4316
4317
4318
4319
4320
4321
4321
4322
4217
4323
4320
4324
4325
4154
4326
4327
4328
4329
4328
4330
4331
4332
4160
4331
4329
4333
4334
4319
4335
4336
4337
4165
4338
4339
4340
4340
4341
4342
4343
4342
4344
4345
4346
4341
4345
4186
4347
4348
4349
4176
4350
4351
4352
4353
4354
4355
4181
4356
4357
4358
4359
4360
4361
4358
4362
4363
4364
4365
4366
4367
4368
4368
4369
4367
4370
4371
4372
4371
4373
4373
4374
4375
4376
4374
4377
4199
4378
4378
4379
4380
4381
4381
4382
4383
4202
4384
4380
4384
4385
4386
4386
4206
4387
4388
4352
4388
4389
4386
4390
4391
4392
4393
4394
4394
4395
4214
4396
4397
4216
4398
4399
4400
4400
4401
4401
4402
4403
4223
4404
4226
4404
4405
4406
4407
4407
4408
4409
4242
4410
4410
4411
4411
4412
4413
4409
4414
4415
4416
4417
4418
4419
4241
4420
4421
4240
4422
4423
4424
4425
4426
4427
4428
4429
4247
4430
4429
4431
4432
4433
4434
4250
4435
4436
4437
4438
4439
4440
4437
4441
4255
4442
4442
4443
4444
4428
4445
4446
4447
4448
4263
4449
4449
4450
4451
4426
4451
4452
4453
4453
4454
4271
4455
4454
4455
4270
4456
4457
4458
4274
4450
4279
4459
4460
4277
4461
4278
4462
4463
4464
4465
4466
4282
4467
4468
4469
4286
4470
4470
4471
4289
4291
4472
4473
4457
4474
4475
4294
4476
4477
4478
4296
4479
4480
4479
4481
4303
4481
4300
4482
4483
4302
4484
4485
4486
4482
4487
4343
4488
4489
4490
4317
4491
4489
4492
4492
4493
4312
4494
4495
4496
4497
4315
4498
4408
4495
4499
4500
4501
4502
4503
4504
4505
4506
4507
4508
4324
4509
4510
4326
4511
4512
4507
4512
4513
4514
4332
4515
4516
4517
4518
4519
4503
4516
4336
4520
4521
4346
4522
4523
4524
4344
4523
4525
4526
4527
4527
4528
4529
4530
4348
4531
4532
4533
4534
4535
4536
4536
4537
4538
4354
4539
4533
4540
4541
4540
4542
4541
4543
4544
4370
4545
4364
4546
4362
4547
4548
4365
4549
4550
4551
4552
4553
4554
4555
4376
4556
4557
4558
4375
4559
4560
4561
4562
4563
4561
4564
4565
4382
4566
4567
4568
4569
4570
4571
4387
4572
4573
4574
4538
4575
4392
4576
4395
4577
4578
4399
4579
4580
4581
4398
4582
4402
4583
4584
4585
4586
4587
4588
4589
4590
4591
4589
4592
4590
4593
4594
4595
4596
4597
4598
4413
4599
4600
4600
4601
4416
4602
4603
4604
4605
4478
4604
4421
4606
4607
4608
4609
4610
4611
4609
4612
4425
4613
4614
4615
4440
4616
4617
4618
4619
4620
4433
4621
4622
4623
4624
4622
4625
4438
4626
4619
4627
4628
4629
4441
4630
4631
4632
4633
4444
4634
4448
4446
4635
4636
4636
4637
4638
4639
4640
4641
4456
4642
4642
4643
4644
4645
4646
4644
4647
4648
4649
4649
4650
4465
4651
4463
4652
4653
4647
4654
4655
4656
4657
4469
4658
4656
4658
4659
4660
4661
4662
4663
4664
4664
4665
4663
4666
4659
4667
4668
4669
4668
4670
4671
4672
4493
4673
4674
4675
4675
4676
4676
4677
4678
4679
4679
4680
4488
4681
4682
4683
4491
4684
4685
4686
4687
4496
4688
4689
4690
4498
4691
4692
4500
4693
4501
4694
4504
4695
4696
4697
4698
4699
4508
4699
4700
4701
4702
4703
4698
4703
4519
4704
4705
4514
4706
4707
4708
4709
4710
4708
4711
4707
4712
4713
4697
4714
4522
4715
4716
4717
4525
4718
4526
4719
4720
4721
4722
4723
4724
4716
4725
4553
4726
4534
4727
4728
4729
4730
4731
4732
4733
4734
4733
4730
4735
4736
4737
4545
4738
4544
4739
4548
4740
4741
4742
4742
4743
4744
4745
4746
4746
4747
4552
4748
4749
4750
4751
4752
4752
4753
4753
4754
4751
4755
4559
4756
4757
4756
4758
4758
4563
4759
4760
4570
4761
4571
4762
4762
4568
4569
4763
4764
4765
4766
4574
4765
4767
4767
4768
4766
4769
4770
4771
4770
4772
4773
4774
4581
4774
4775
4776
4777
4777
4778
4585
4776
4773
4702
4779
4779
4780
4780
4781
4782
4783
4596
4784
4784
4785
4594
4786
4595
4787
4788
4614
4789
4789
4790
4790
4791
4792
4788
4793
4605
4794
4610
4795
4796
4797
4607
4798
4799
4613
4800
4801
4802
4612
4803
4804
4805
4806
4616
4807
4808
4618
4809
4810
4811
4623
4812
4813
4814
4815
4816
4817
4818
4818
4819
4627
4820
4821
4822
4823
4822
4824
4631
4825
4826
4823
4827
4634
4828
4829
4830
4831
4832
4833
4832
4834
4641
4835
4650
4836
4837
4838
4839
4840
4841
4646
4842
4843
4844
4655
4845
4846
4847
4653
4848
4654
4849
4850
4851
4852
4853
4661
4854
4855
4856
4662
4857
4858
4859
4860
4861
4667
4862
4843
4863
4864
4865
4671
4866
4857
4867
4868
4673
4869
4870
4680
4869
4681
4871
4678
4872
4873
4874
4875
4876
4877
4878
4686
4879
4879
4880
4881
4882
4883
4883
4884
4691
4885
4886
4887
4885
4888
4889
4693
4890
4891
4881
4891
4696
4892
4893
4894
4895
4896
4705
4897
4898
4899
4900
4901
4902
4903
4903
4709
4904
4905
4906
4907
4711
4908
4909
4910
4911
4911
4912
4715
4913
4914
4915
4718
4916
4917
4918
4919
4878
4920
4920
4921
4916
4922
4918
4923
4725
4924
4925
4926
4927
4926
4928
4929
4930
4928
4929
4931
4732
4932
4734
4933
4934
4930
4935
4936
4937
4936
4938
4937
4939
4940
4941
4755
4942
4747
4943
4944
4744
4945
4946
4748
4947
4823
4822
4749
4948
4948
4949
4950
4951
4952
4953
4954
4955
4956
4759
4957
4958
4959
4954
4960
4961
4962
4963
4764
4961
4963
4964
4965
4966
4933
4967
4772
4968
4969
4775
4970
4971
4972
4973
4974
4975
4976
4781
4977
4978
4979
4980
4785
4981
4981
4982
4983
4984
4985
4986
4886
4986
4983
4987
4988
4989
4990
4990
4991
4992
4993
4795
4994
4995
4797
4996
4997
4799
4801
4998
4998
4999
5000
5001
5002
5001
5003
5000
5003
5004
5005
4987
5004
4837
5006
4826
5007
4829
5008
4814
5008
5009
5010
5010
5011
4817
5012
5013
4819
5014
5014
5015
5016
5017
5018
4824
5019
5020
5021
4943
4827
5022
5023
4947
4834
5024
4831
5025
4833
5026
5027
5028
5029
5030
5030
5031
5029
4839
5032
5033
4841
5034
5035
5036
5037
5036
5035
5038
5039
5040
5039
5041
5031
5042
4852
5043
4850
5044
5045
5038
5046
5047
4854
5048
5049
5050
5051
4864
5050
5052
4859
5053
5054
5055
5056
5055
5057
5057
5058
5059
5060
5061
5062
5063
5062
5064
5063
5065
4996
5066
5067
5068
5069
5070
5071
5070
5072
4874
5073
5074
5067
5075
4877
5076
5077
5078
5079
4882
5080
5081
5082
5083
5069
5084
5085
5086
5086
5087
5087
5088
5089
5090
5090
5091
5092
4894
5093
5094
5095
5096
5097
5098
4899
5097
4898
5099
5100
5101
4901
5102
5103
4912
5104
5105
5106
5107
5107
5108
4907
5109
5110
5095
5111
5109
5111
5108
5112
5113
5114
5096
5115
5116
5117
4925
5116
5118
4919
5119
5120
5121
5122
4922
5123
5124
4924
5125
5126
5126
5127
4949
5128
5129
5130
5131
4932
4935
5132
5133
5133
5134
5135
5136
5137
4940
5138
4942
5139
5140
4946
5141
5142
5143
5143
5144
5145
5146
5147
5148
5149
5150
5151
5152
5151
5153
5153
5154
5155
5156
5157
5152
5158
4957
5159
5160
4962
5161
4960
5162
5163
5164
4966
5165
4968
5165
5166
5166
5167
5168
5169
5170
5169
5171
5170
5172
4975
5173
4974
5174
5175
5176
4977
5177
5178
5102
5179
4980
5179
5180
5181
4985
5182
5183
5183
5184
5185
5186
5187
5187
5188
5188
5189
5190
4992
5191
5192
5183
5193
4997
5194
5195
5196
5197
5198
5199
5200
5201
5202
5203
5196
5204
5205
5206
5201
5207
5007
5208
5209
5210
5021
5211
5212
5015
5213
5016
5214
5210
5215
5216
5217
5218
5018
5219
5220
5020
5221
5222
5223
5148
5224
5224
5225
5226
5227
5227
5228
5028
5229
5229
5230
5231
5232
5233
5037
5234
5235
5236
5235
5237
5237
5238
5239
5240
5241
5047
5242
5042
5243
5244
5045
5245
5046
5246
5247
5248
5249
5051
5250
5053
5250
5251
5252
5054
5065
5253
5254
5255
5060
5256
5257
5061
5258
5259
5260
5261
5262
5263
5264
5066
5265
5266
5267
5068
5268
5269
5270
5076
5271
5073
5272
5273
5075
5274
5275
5276
5078
5277
5122
5083
5278
5279
5280
5281
5282
5280
5282
5283
5283
5284
5089
5285
5286
5287
5285
5288
5289
5290
5092
5291
5281
5094
5292
5293
5294
5292
5295
5296
5297
5105
5298
5299
5300
5299
5301
5302
5297
5302
5303
5304
5304
5110
5305
5306
5307
5308
5309
5310
5311
5312
5312
5313
5313
5314
5117
5315
5316
5317
5119
5124
5318
5319
5320
5319
5321
5322
5322
5323
5324
5320
5325
5326
5327
5328
5328
5329
5327
5330
5131
5330
5331
5332
5333
5334
5332
5335
5336
5337
5138
5338
5339
5340
5341
5340
5342
5141
5343
5344
5158
5345
5346
5347
5348
5347
5349
5147
5349
5350
5351
5351
5352
5329
5353
5354
5355
5356
5156
5357
5157
5358
5359
5360
5361
5161
5362
5162
5363
5364
5365
5360
5366
5364
5367
5368
5334
5369
5370
5371
5372
5373
5175
5374
5370
5375
5376
5377
5377
5378
5379
5177
5376
5380
5180
5381
5382
5383
5184
5384
5384
5385
5193
5186
5386
5387
5388
5389
5190
5390
5391
5391
5392
5393
5394
5395
5195
5396
5397
5398
5267
5399
5399
5400
5202
5401
5401
5402
5403
5404
5204
5405
5406
5407
5408
5388
5409
5409
5410
5411
5412
5225
5413
5226
5414
5415
5415
5416
5416
5417
5418
5419
5419
5420
5421
5422
5422
5423
5219
5424
5425
5426
5427
5346
5428
5428
5429
5414
5429
5430
5431
5432
5433
5230
5434
5412
5435
5435
5436
5437
5438
5236
5439
5440
5441
5240
5259
5442
5439
5442
5443
5242
5444
5445
5444
5446
5437
5446
5447
5448
5247
5449
5450
5451
5452
5448
5453
5454
5455
5456
5456
5457
5254
5458
5459
5460
5461
5461
5462
5460
5463
5463
5464
5465
5261
5466
5462
5455
5464
5467
5468
5469
5470
5468
5471
5459
5469
5472
5275
5473
5473
5474
5475
5476
5476
5477
5475
5274
5478
5479
5277
5477
5480
5279
5481
5482
5483
5484
5485
5486
5487
5387
5488
5288
5489
5487
5490
5291
5491
5492
5493
5294
5494
5495
5301
5496
5496
5497
5498
5300
5499
5500
5501
5502
5503
5504
5505
5499
5306
5506
5507
5311
5507
5309
5508
5509
5495
5510
5511
5512
5513
5504
5514
5493
5515
5516
5517
5518
5519
5321
5520
5521
5522
5523
5524
5324
5525
5526
5326
5527
5517
5528
5529
5530
5531
5337
5531
5532
5336
5533
5534
5534
5535
5536
5537
5339
5538
5539
5540
5343
5541
5345
5542
5543
5350
5544
5545
5546
5547
5546
5548
5549
5550
5551
5353
5552
5553
5554
5555
5361
5556
5357
5555
5557
5558
5559
5558
5560
5559
5561
5363
5562
5366
5562
5368
5371
5563
5564
5565
5566
5567
5374
5568
5568
5569
5570
5569
5571
5572
5573
5379
5574
5575
5576
5577
5577
5578
5579
5580
5578
5580
5581
5386
5582
5583
5584
5585
5585
5586
5586
5587
5588
5394
5589
5395
5590
5591
5592
5400
5593
5398
5594
5406
5595
5596
5597
5598
5599
5598
5600
5408
5601
5407
5602
5603
5604
5605
5606
5600
5607
5413
5608
5609
5610
5611
5612
5613
5423
5614
5424
5615
5616
5617
5618
5426
5619
5619
5620
5621
5427
5622
5623
5624
5625
5626
5431
5551
5627
5618
5628
5434
5628
5629
5438
5630
5631
5632
5633
5634
5635
5635
5636
5637
5451
5634
5638
5453
5639
5640
5450
5641
5642
5643
5644
5644
5645
5643
5646
5647
5457
5648
5649
5650
5651
5648
5652
5653
5654
5655
5656
5657
5658
5466
5659
5660
5470
5661
5662
5663
5664
5665
5666
5595
5666
5667
5486
5668
5669
5670
5479
5671
5524
5672
5484
5492
5673
5673
5485
5489
5674
5491
5675
5676
5677
5678
5679
5679
5680
5498
5681
5682
5683
5501
5684
5685
5684
5686
5682
5687
5688
5689
5690
5509
5691
5692
5510
5693
5694
5695
5696
5697
5513
5697
5698
5698
5699
5518
5700
5519
5701
5702
5703
5703
5526
5704
5522
5705
5706
5705
5707
5708
5709
5710
5711
5712
5713
5529
5714
5715
5715
5716
5717
5718
5719
5718
5720
5565
5721
5722
5723
5724
5723
5725
5726
5727
5727
5728
5728
5729
5726
5730
5729
5731
5730
5732
5732
5733
5734
5735
5736
5548
5737
5738
5739
5740
5739
5741
5552
5742
5742
5743
5556
5744
5745
5746
5560
5747
5735
5748
5564
5749
5750
5751
5567
5752
5749
5753
5754
5575
5755
5752
5756
5576
5757
5574
5758
5759
5760
5761
5762
5763
5687
5764
5765
5592
5766
5766
5767
5767
5768
5674
5768
5769
5770
5588
5771
5772
5773
5774
5775
5776
5774
5776
5777
5594
5778
5779
5780
5780
5781
5599
5601
5782
5783
5784
5785
5786
5787
5779
5786
5788
5789
5785
5789
5607
5790
5791
5792
5793
5629
5794
5627
5795
5796
5797
5798
5799
5798
5800
5800
5801
5802
5803
5617
5802
5804
5805
5806
5807
5808
5622
5803
5809
5810
5811
5809
5812
5736
5813
5796
5814
5815
5816
5817
5632
5818
5819
5820
5819
5636
5821
5822
5823
5824
5659
5825
5826
5827
5826
5828
5827
5829
5642
5830
5831
5832
5833
5646
5834
5835
5836
5837
5838
5839
5840
5840
5841
5841
5842
5653
5843
5844
5845
5846
5845
5847
5848
5849
5658
5850
5851
5852
5848
5853
5662
5854
5855
5664
5844
5856
5855
5857
5858
5668
5671
5670
5859
5859
5860
5861
5676
5861
5678
5862
5863
5864
5686
5865
5866
5867
5868
5685
5690
5869
5870
5871
5872
5689
5699
5873
5874
5875
5876
5696
5877
5694
5878
5879
5878
5880
5881
5882
5883
5884
5862
5885
5886
5887
5713
5888
5889
5890
5891
5892
5712
5893
5890
5894
5709
5860
5711
5891
5895
5896
5897
5898
5899
5743
5900
5725
5897
5901
5721
5902
5724
5903
5904
5751
5905
5906
5907
5908
5909
5910
5911
5912
5913
5734
5914
5915
5741
5916
5917
5918
5919
5740
5920
5919
5921
5922
5923
5924
5815
5925
5926
5927
5747
5927
5748
5926
5928
5929
5929
5930
5931
5932
5755
5933
5933
5934
5935
5934
5936
5758
5937
5938
5760
5939
5940
5941
5942
5941
5943
5943
5944
5765
5945
5946
5947
5790
5948
5948
5949
5949
5950
5773
5950
5777
5947
5951
5952
5953
5858
5951
5954
5955
5956
5956
5957
5958
5959
5960
5961
5962
5963
5963
5964
5965
5966
5959
5966
5795
5967
5794
5968
5969
5970
5971
5799
5972
5973
5974
5975
5807
5976
5805
5816
5808
5810
5977
5978
5979
5812
5980
5814
5981
5982
5970
5818
5969
5983
5984
5985
5986
5825
5987
5834
5988
5988
5989
5989
5990
5991
5992
5993
5836
5994
5985
5993
5833
5995
5837
5996
5997
5998
5999
6000
5997
6001
6002
6003
6004
6005
5851
6006
6007
6008
6005
6009
6004
6010
6011
6012
6013
6014
5849
6015
6016
6017
6013
6018
6019
5991
6020
6021
6022
5856
6023
6024
6025
6026
6027
6028
6029
6030
6031
5880
6031
5866
6032
6033
5868
6034
5872
6035
6036
5874
6037
6036
6038
5945
6039
6040
6040
5879
6041
5877
6042
6043
6044
6045
6046
6047
6048
5883
6049
6050
6039
6051
5889
6052
6053
6054
5888
6054
6055
6053
5893
5894
6056
6056
6057
6055
6057
6058
6059
6060
6059
6061
6061
6062
6063
6064
6064
6065
6063
6066
6065
6067
6067
6068
5907
6069
6066
6070
6071
6072
6073
6074
6075
6075
6076
6076
6077
6072
6078
6079
6080
6078
6081
6082
6083
5918
6080
5928
5981
5921
6084
6085
6086
6087
6087
6088
6082
6086
6089
6090
6091
5931
6092
6068
5936
6093
6094
6095
5940
6096
6097
5942
6098
6098
6099
6099
6100
6101
6102
6103
6104
5946
6105
6106
6107
6108
6109
6110
5953
6111
6112
6028
6113
5958
6114
6115
5960
6116
6117
6118
6112
6119
6119
5965
6118
6120
5968
6121
6122
6123
6089
6124
6125
6125
6126
6127
6128
6126
6129
6128
6130
6130
6131
6131
6132
6132
6133
5980
6133
6134
6124
6135
5984
6136
6137
6138
6137
6139
6140
6141
6142
6143
6141
6144
6140
6145
6146
6147
6145
6148
5996
6149
6150
6151
5999
6152
6153
6001
6154
6155
6003
6156
6157
6158
6159
6160
6161
6008
6162
6163
6163
6164
6165
6166
6025
6167
6014
6168
6169
6170
6017
6168
6021
6171
6171
6019
6169
6172
6022
6173
6174
6175
6176
6177
6178
6179
6177
6179
6180
6028
6181
6030
6182
6183
6184
6038
6185
6186
6187
6187
6188
6037
6189
6190
6191
6192
6193
6194
6195
6196
6195
6197
6048
6197
6045
6198
6196
6184
6199
6200
6201
6200
6201
6202
6203
6204
6203
6205
6206
6207
6207
6070
6208
6209
6208
6210
6211
6090
6212
6213
6214
6215
6216
6217
6218
6071
6219
6220
6221
6222
6074
6223
6224
6225
6226
6079
6227
6228
6083
6228
6229
6230
6231
6232
6134
6233
6234
6235
6232
6236
6237
6238
6239
6240
6241
6242
6239
6243
6095
6244
6245
6246
6247
6245
6248
6249
6250
6101
6250
6247
6103
6251
6252
6105
6253
6254
6188
6255
6255
6256
6109
6257
6111
6258
6259
6260
6258
6261
6115
6116
6120
6262
6257
6263
6264
6123
6263
6265
6266
6267
6268
6129
6269
6270
6271
6272
6273
6273
6274
6265
6275
6276
6139
6277
6278
6279
6280
6154
6281
6281
6282
6282
6283
6284
6147
6285
6277
6156
6286
6153
6287
6287
6288
6289
6290
6289
6291
6292
6293
6290
6293
6294
6288
6294
6159
6295
6296
6172
6297
6162
6298
6299
6300
6296
6301
6295
6302
6167
6303
6304
6305
6306
6306
6307
6308
6309
6310
6311
6312
6313
6311
6313
6178
6314
6304
6315
6316
6181
6317
6261
6206
6318
6318
6319
6319
6186
6320
6321
6322
6323
6324
6325
6325
6326
6324
6327
6326
6328
6329
6330
6327
6329
6199
6331
6204
6331
6332
6333
6330
6334
6335
6210
6336
6337
6338
6339
6338
6340
6341
6342
6343
6344
6343
6345
6219
6342
6345
6346
6241
6346
6347
6221
6348
6349
6350
6351
6351
6352
6225
6353
6354
6227
6355
6356
6357
6358
6359
6360
6233
6361
6362
6363
6357
6364
6236
6364
6365
6238
6264
6366
6367
6242
6368
6369
6370
6248
6371
6246
6372
6373
6374
6375
6376
6252
6377
6378
6379
6380
6381
6379
6382
6256
6383
6384
6385
6386
6387
6388
6262
6387
6389
6390
6391
6392
6393
6394
6394
6395
6395
6396
6397
6398
6272
6399
6396
6397
6400
6393
6401
6276
6402
6403
6404
6403
6405
6280
6310
6406
6407
6408
6406
6409
6285
6410
6411
6412
6413
6414
6415
6416
6417
6292
6418
6419
6420
6421
6422
6423
6298
6424
6425
6300
6425
6301
6426
6427
6428
6427
6429
6430
6431
6432
6433
6432
6434
6312
6431
6433
6435
6436
6437
6438
6439
6440
6441
6316
6441
6442
6443
6444
6328
6445
6322
6446
6447
6384
6448
6449
6450
6451
6452
6453
6454
6455
6333
6456
6456
6457
6337
6348
6339
6458
6459
6460
6461
6366
6462
6344
6463
6464
6465
6466
6467
6468
6349
6469
6470
6471
6356
6472
6473
6474
6475
6474
6476
6355
6476
6477
6478
6360
6479
6477
6480
6481
6482
6483
6365
6482
6484
6485
6486
6487
6391
6368
6488
6489
6490
6491
6489
6490
6488
6492
6373
6493
6494
6495
6496
6496
6497
6494
6498
6378
6499
6500
6501
6381
6502
6503
6383
6504
6505
6506
6505
6506
6388
6389
6444
6392
6507
6508
6509
6510
6511
6512
6513
6514
6399
6515
6401
6484
6516
6509
6517
6518
6411
6519
6519
6520
6521
6522
6523
6409
6522
6524
6412
6525
6526
6527
6421
6528
6419
6529
6529
6530
6417
6531
6532
6531
6533
6533
6523
6534
6535
6423
6428
6536
6537
6538
6539
6536
6540
6541
6542
6430
6543
6544
6545
6546
6547
6547
6548
6537
6549
6550
6551
6550
6552
6553
6554
6552
6554
6544
6555
6556
6443
6557
6446
6558
6559
6448
6560
6561
6450
6562
6451
6563
6454
6564
6565
6566
6567
6457
6567
6568
6569
6570
6571
6461
6572
6568
6573
6574
6575
6576
6469
6577
6578
6579
6579
6580
6581
6582
6491
6582
6583
6570
6584
6584
6585
6473
6586
6475
6587
6588
6589
6590
6591
6481
6592
6591
6593
6485
6594
6595
6596
6589
6597
6597
6598
6599
6599
6600
6601
6498
6602
6495
6603
6604
6605
6606
6500
6607
6608
6503
6609
6610
6611
6612
6611
6613
6614
6612
6615
6616
6617
6618
6619
6573
6618
6620
6511
6621
6622
6622
6623
6623
6624
6515
6624
6625
6626
6518
6627
6628
6629
6630
6631
6632
6633
6634
6635
6633
6636
6526
6637
6638
6637
6639
6639
6640
6641
6535
6642
6643
6644
6645
6646
6644
6647
6648
6649
6650
6539
6651
6652
6652
6653
6654
6655
6649
6655
6656
6657
6657
6658
6659
6548
6659
6660
6661
6660
6662
6663
6632
6663
6664
6658
6665
6666
6667
6668
6557
6667
6565
6669
6560
6670
6671
6671
6672
6564
6673
6566
6674
6675
6676
6677
6678
6679
6571
6680
6681
6682
6574
6683
6684
6685
6580
6686
6577
6687
6688
6581
6689
6690
6691
6692
6693
6585
6688
6694
6695
6587
6592
6590
6696
6697
6598
6698
6699
6700
6625
6701
6700
6701
6702
6703
6704
6601
6705
6706
6707
6708
6709
6710
6709
6711
6710
6712
6713
6714
6714
6715
6707
6716
6610
6717
6715
6718
6719
6614
6720
6721
6722
6723
6723
6724
6672
6724
6725
6620
6726
6627
6626
6727
6728
6729
6730
6731
6732
6631
6733
6630
6638
6734
6735
6736
6737
6635
6738
6647
6738
6739
6740
6741
6742
6648
6743
6744
6745
6744
6746
6645
6747
6748
6749
6745
6750
6751
6752
6753
6651
6754
6755
6756
6757
6758
6656
6759
6760
6761
6762
6763
6764
6765
6766
6767
6768
6769
6769
6770
6771
6772
6772
6773
6761
6670
6774
6775
6776
6777
6674
6778
6779
6778
6780
6781
6782
6781
6783
6780
6683
6784
6785
6786
6682
6694
6785
6787
6685
6788
6789
6687
6790
6791
6792
6690
6793
6691
6794
6795
6796
6796
6797
6798
6799
6800
6697
6801
6699
6802
6803
6703
6801
6802
6705
6708
6804
6797
6805
6806
6807
6808
6809
6808
6810
6811
6812
6811
6813
6814
6815
6810
6816
6721
6817
6720
6818
6722
6819
6820
6820
6821
6822
6823
6788
6824
6824
6825
6728
6826
6827
6827
6803
6828
6826
6828
6733
6829
6830
6831
6832
6830
6831
6833
6834
6834
6835
6836
6837
6838
6839
6840
6832
6841
6839
6842
6842
6843
6844
6845
6752
6846
6750
6847
6749
6848
6849
6850
6848
6851
6852
6757
6759
6768
6853
6853
6854
6758
6854
6761
6855
6856
6766
6855
6765
6857
6858
6859
6857
6833
6773
6860
6856
6861
6862
6863
6782
6864
6865
6866
6777
6865
6867
6868
6783
6869
6870
6871
6872
6786
6873
6874
6875
6873
6876
6877
6876
6877
6794
6878
6879
6880
6799
6880
6795
6881
6882
6883
6884
6885
6800
6886
6887
6888
6805
6807
6889
6816
6890
6891
6892
6812
6892
6893
6894
6895
6814
6896
6897
6817
6898
6899
6900
6819
6901
6902
6903
6822
6904
6905
6906
6907
6908
6829
6909
6910
6911
6912
6913
6914
6915
6837
6916
6851
6917
6918
6917
6919
6920
6841
6921
6922
6923
6852
6924
6845
6925
6926
6925
6927
6928
6929
6930
6928
6931
6926
6932
6933
6927
6934
6935
6936
6859
6936
6937
6914
6938
6939
6940
6940
6941
6941
6942
6871
6943
6944
6943
6945
6907
6944
6869
6946
6947
6948
6948
6946
6949
6950
6951
6952
6950
6951
6953
6954
6955
6956
6957
6958
6959
6882
6960
6961
6884
6962
6963
6889
6964
6952
6965
6966
6967
6967
6968
6969
6891
6970
6971
6972
6973
6974
6895
6975
6976
6977
6978
6898
6979
6980
6970
6973
6981
6982
6983
6984
6904
6985
6982
6983
6986
6987
6988
6987
6989
6990
6909
6954
6991
6992
6993
6993
6994
6994
6995
6995
6996
6997
6916
6997
6998
6999
6919
7000
7001
6921
7002
7003
6996
7003
7004
7005
7005
7006
7007
7008
7009
7010
7010
7011
6931
7012
7013
7011
7014
6999
7015
6935
7016
6939
7016
7017
7018
7019
7020
7021
7022
7023
7024
7025
7026
6949
7027
7028
7029
7030
7031
7032
7033
7034
6957
7035
6961
7036
7037
6959
7038
6966
6962
7039
7040
7041
6964
7042
7043
6968
7044
7045
7046
7047
6971
7043
7048
7049
6976
7050
7051
7050
7052
6978
7053
7054
6979
7055
7056
6980
6981
7057
7058
7059
6985
7060
7061
7061
7062
7063
7062
7064
6990
7065
7024
7034
7066
7066
7067
7068
7069
7070
7071
7018
7072
7073
7001
7072
7074
7075
7004
7076
7077
7078
7079
7009
7080
7008
7081
7014
7082
7083
7084
7015
7085
7083
7086
7087
7088
7022
7089
7090
7020
7021
7091
7092
7093
7094
7025
7095
7096
7097
7028
7093
7032
7098
7099
7100
7044
7099
7101
7034
7102
7036
7103
7104
7103
7105
7045
7106
7040
7107
7108
7042
7109
7110
7111
7112
7113
7047
7114
7115
7116
7117
7116
7118
7119
7117
7120
7121
7122
7123
7124
7119
7124
7057
7125
7123
7126
7127
7059
7128
7129
7129
7130
7131
7132
7133
7134
7133
7135
7095
7134
7136
7137
7138
7138
7139
7070
7139
7140
7140
7141
7142
7090
7143
7075
7144
7145
7146
7147
7146
7148
7079
7149
7150
7151
7152
7153
7154
7154
7155
7156
7157
7158
7086
7159
7160
7153
7158
7159
7161
7162
7163
7163
7164
7162
7164
7165
7097
7165
7166
7166
7167
7168
7100
7169
7170
7171
7102
7172
7173
7174
7108
7175
7106
7176
7177
7109
7178
7179
7180
7180
7181
7181
7182
7115
7183
7114
7184
7185
7186
7187
7188
7182
7189
7122
7121
7190
7191
7192
7193
7194
7126
7195
7196
7128
7197
7198
7198
7199
7200
7200
7201
7201
7202
7203
7204
7202
7205
7137
7173
7206
7207
7208
7209
7148
7210
7211
7212
7211
7213
7214
7215
7161
7215
7216
7149
7217
7218
7219
7152
7220
7155
7221
7222
7223
7224
7225
7157
7226
7227
7228
7229
7229
7230
7231
7232
7213
7233
7168
7234
7235
7236
7171
7237
7236
7238
7239
7239
7175
7240
7241
7242
7243
7184
7242
7179
7244
7245
7246
7247
7248
7249
7250
7251
7186
7252
7253
7254
7255
7255
7256
7254
7257
7256
7258
7258
7259
7194
7260
7261
7262
7263
7264
7265
7265
7266
7264
7267
7268
7269
7270
7271
7272
7273
7204
7274
7275
7274
7276
7277
7278
7278
7279
7280
7281
7280
7282
7282
7283
7284
7214
7285
7286
7287
7288
7218
7289
7290
7291
7292
7220
7291
7293
7294
7295
7293
7295
7224
7296
7297
7297
7298
7230
7299
7300
7301
7296
7301
7302
7303
7302
7304
7286
7275
7305
7305
7238
7306
7307
7249
7307
7308
7309
7243
7310
7311
7312
7313
7314
7246
7315
7311
7316
7317
7248
7317
7318
7319
7320
7321
7252
7322
7323
7320
7324
7325
7326
7327
7318
7328
7329
7260
7330
7331
7266
7332
7263
7333
7334
7335
7336
7337
7338
7339
7270
7339
7271
7340
7341
7272
7342
7343
7344
7345
7346
7347
7348
7309
7349
7350
7281
7351
7352
7353
7354
7292
7355
7356
7357
7358
7359
7356
7359
7360
7304
7360
7290
7361
7362
7363
7364
7365
7298
7366
7367
7368
7369
7370
7300
7371
7372
7373
7374
7371
7375
7376
7377
7378
7379
7378
7309
7380
7381
7382
7383
7381
7384
7385
7386
7382
7385
7316
7387
7388
7389
7390
7321
7391
7392
7393
7386
7394
7324
7394
7395
7328
7396
7396
7397
7397
7398
7399
7398
7400
7400
7401
7401
7402
7403
7404
7404
7405
7402
7405
7336
7406
7337
7407
7406
7408
7409
7410
7411
7409
7411
7343
7410
7412
7348
7413
7346
7347
7377
7414
7415
7415
7416
7416
7417
7353
7354
7417
7418
7419
7420
7358
7421
7422
7423
7364
7424
7425
7426
7425
7427
7419
7427
7428
7429
7430
7428
7430
7369
7431
7432
7432
7433
7434
7435
7436
7431
7437
7375
7376
7438
7439
7391
7380
7440
7414
7441
7442
7384
7388
7443
7444
7445
7389
7446
7447
7448
7399
7449
7450
7451
7452
7452
7453
7454
7455
7456
7457
7458
7459
7460
7461
7462
7463
7407
7464
7465
7466
7467
7468
7409
7469
7470
7471
7413
7472
7473
7474
7475
7476
7477
7478
7479
7477
7480
7422
7481
7482
7483
7426
7484
7485
7486
7487
7488
7433
7489
7490
7491
7492
7493
7435
7494
7495
7496
7497
7497
7498
7494
7499
7483
7499
7473
7500
7443
7501
7502
7503
7504
7502
7505
7454
7506
7447
7507
7508
7449
7509
7510
7453
7511
7455
7512
7513
7514
7456
7515
7516
7517
7518
7518
7519
7519
7520
7521
7522
7523
7524
7523
7525
7466
7525
7526
7527
7526
7528
7529
7530
7531
7531
7532
7530
7533
7472
7534
7533
7535
7536
7536
7537
7538
7539
7540
7541
7542
7541
7543
7480
7484
7544
7482
7545
7546
7547
7548
7549
7548
7550
7549
7551
7551
7552
7553
7554
7552
7555
7492
7556
7557
7557
7558
7559
7559
7560
7560
7561
7562
7556
7563
7564
7511
7565
7566
7567
7568
7566
7569
7508
7570
7506
7571
7572
7509
7573
7574
7575
7522
7575
7576
7577
7578
7579
7580
7576
7580
7516
7577
7581
7521
7582
7583
7584
7524
7585
7586
7587
7588
7589
7590
7591
7532
7592
7529
7593
7594
7595
7596
7597
7598
7535
7599
7565
7539
7600
7540
7601
7602
7603
7604
7543
7544
7605
7606
7546
7607
7550
7608
7609
7610
7611
7612
7613
7558
7614
7555
7615
7616
7617
7617
7618
7619
7620
7621
7622
7563
7621
7623
7619
7624
7625
7626
7570
7627
7569
7628
7629
7630
7628
7631
7581
7632
7574
7633
7634
7635
7636
7637
7579
7638
7639
7640
7641
7642
7643
7642
7644
7585
7645
7646
7587
7647
7648
7649
7650
7650
7651
7594
7649
7593
7652
7652
7653
7654
7655
7596
7656
7657
7657
7658
7599
7659
7625
7660
7602
7661
7662
7661
7663
7605
7664
7665
7608
7666
7624
7667
7610
7611
7668
7669
7670
7671
7616
7671
7672
7673
7674
7675
7675
7623
7676
7677
7678
7678
7679
7680
7681
7682
7683
7684
7685
7627
7686
7687
7688
7686
7689
7690
7691
7632
7692
7693
7635
7694
7690
7695
7696
7640
7685
7641
7697
7698
7699
7699
7700
7701
7702
7703
7647
7704
7645
7705
7706
7651
7706
7707
7696
7708
7709
7710
7711
7712
7658
7713
7714
7709
7713
7659
7715
7715
7662
7716
7717
7718
7664
7719
7720
7721
7722
7721
7723
7723
7724
7670
7725
7724
7726
7727
7728
7676
7729
7674
7730
7731
7732
7733
7683
7734
7684
7682
7681
7735
7736
7737
7738
7739
7740
7691
7741
7742
7743
7743
7744
7745
7746
7742
7747
7702
7748
7695
7749
7750
7751
7698
7752
7753
7754
7701
7755
7756
7752
7705
7757
7758
7759
7760
7761
7708
7758
7762
7763
7763
7764
7765
7766
7714
7767
7768
7739
7769
7718
7770
7771
7770
7772
7722
7772
7773
7774
7775
7776
7726
7777
7778
7777
7779
7732
7779
7730
7780
7781
7782
7783
7783
7734
7784
7785
7738
7786
7737
7787
7785
7756
7744
7788
7788
7789
7790
7791
7792
7746
7793
7789
7748
7794
7795
7751
7796
7793
7797
7762
7798
7798
7799
7755
7800
7801
7802
7759
7803
7804
7805
7761
7806
7766
7807
7808
7765
7809
7810
7811
7808
7812
7812
7771
7802
7813
7814
7815
7774
7816
7817
7818
7819
7819
7820
7821
7821
7822
7823
7824
7825
7782
7826
7827
7828
7824
7829
7830
7787
7831
7832
7833
7834
7835
7792
7834
7836
7837
7838
7839
7839
7840
7797
7841
7842
7843
7844
7845
7844
7846
7846
7847
7847
7806
7848
7807
7849
7850
7851
7852
7841
7853
7853
7854
7855
7856
7852
7855
7857
7814
7858
7859
7817
7860
7818
7861
7862
7863
7864
7822
7865
7866
7867
7868
7869
7826
7870
7870
7871
7868
7871
7830
7831
7872
7873
7872
7874
7875
7838
7876
7877
7878
7874
7879
7880
7881
7843
7882
7883
7884
7885
7886
7887
7886
7888
7889
7890
7851
7891
7850
7892
7893
7894
7895
7896
7897
7898
7899
7898
7900
7896
7901
7902
7890
7903
7902
7904
7862
7905
7906
7907
7908
7865
7907
7909
7867
7869
7910
7911
7912
7913
7914
7915
7878
7916
7917
7877
7918
7918
7919
7920
7921
7885
7922
7881
7919
7923
7924
7925
7884
7892
7926
7927
7924
7928
7929
7928
7930
7929
7931
7931
7932
7933
7934
7935
7936
7933
7935
7932
7937
7897
7900
7937
7903
7938
7939
7940
7906
7941
7908
7942
7942
7943
7944
7910
7945
7946
7914
7947
7946
7947
7948
7948
7916
7949
7950
7922
7949
7951
7952
7921
7953
7954
7955
7925
7956
7957
7958
7927
7959
7960
7961
7962
7957
7963
7964
7936
7959
7965
7966
7939
7967
7968
7964
7969
7968
7970
7971
7972
7973
7974
7975
7972
7976
7977
7978
7979
7980
7981
7982
7952
7953
7983
7984
7981
7985
7980
7986
7983
7987
7988
7988
7989
7990
7991
7992
7963
7993
7993
7994
7995
7994
7996
7996
7997
7969
7998
7999
8000
7971
8001
7974
8002
7975
8003
8004
8005
7977
8006
8007
8007
8008
8008
8009
8010
8010
8011
8012
8013
8014
8014
8015
7992
8016
7989
8017
8018
8019
7991
7997
8020
8021
8022
8023
8018
8024
8025
8026
8027
8028
8028
8029
8023
8027
8030
8031
8032
8033
8033
8034
8030
8035
8034
8035
8036
8037
8038
8039
8011
8040
8041
8042
8013
8043
8044
8045
8041
8046
8040
8047
8043
8048
8049
8048
8049
8050
8051
8047
8050
8052
8053
8054
8052
8055
8026
8051
8056
8057
8031
8058
8059
8060
8037
8061
8062
8063
8064
8038
8039
8065
8066
8065
8067
8068
8068
8069
8069
8070
8071
8072
8073
8074
8075
8054
8076
8077
8074
8078
8077
8079
8079
8080
8080
8081
8064
8082
8082
8083
8062
8084
8084
8085
8086
8067
8072
8087
8088
8071
8089
8090
8091
8092
8076
8093
8094
8095
8093
8096
8097
8098
8083
8099
8100
8101
8086
8102
8103
8090
8104
8089
8104
8105
8092
8106
8107
8108
8095
8109
8110
8107
8111
8110
8112
8099
8113
8114
8103
8115
8116
8117
8118
8118
8119
8119
8120
8120
8121
8122
8123
8124
8124
8125
8125
8126
8127
8113
8128
8129
8117
8129
8116
8130
8131
8130
8122
8126
8127
8132
8133
8134
8134
8135
8136
8136
8133
8137
8137
8138
8139
8139
8138
)


// ************************************************************************* //
